"V1","V2","V3","V4","V5","V6","V7","V8","V9"
0.000145284123356238,0.00172015075373486,0.412641272185702,1.80064678650996e-05,0.193062976756332,0.0409793913348251,0.344095639705366,0.00729054173574292,4.67369370755769e-05
4.28238382936285e-09,1.8144687583947e-05,0.0144372607821946,2.96179324903862e-09,0.343238624308045,4.12724247842302e-05,0.641905423554975,0.000284211155977242,7.50558422636749e-05
4.1067462859577e-10,0.000686389662015079,0.226117476092609,9.61019926565552e-08,0.761577699096193,0.000610697685798932,0.0102757479590119,0.000626645925636373,0.000105247066069125
3.73306826483382e-08,7.70398169681322e-06,0.00475260955179226,1.0944273662816e-08,0.0821193648425777,4.06865578299949e-05,0.913018526718228,4.96153621314201e-05,1.14447107873631e-05
2.63873827941414e-05,0.000868152361041997,0.434757300424685,7.4518358187619e-06,0.146807361884082,0.0236853464119174,0.39080265078187,0.00303390947836512,1.14394394260559e-05
3.00551493613027e-05,0.00917346864929801,0.36541163253385,0.000219915877308071,0.171899074140211,0.448963642802598,0.00182928859313522,0.00237046195792662,0.000102460296311025
4.81216185159683e-08,1.54709188123064e-05,0.0144326022411795,2.92295957389464e-08,0.135635704709169,8.13930534963231e-05,0.849658694826385,0.000162525922744107,1.35309769995224e-05
3.39595829887132e-05,0.00148541739965133,0.256802373341127,4.54761220140253e-06,0.135465979226033,0.01883103425634,0.586086283061782,0.0012749837195672,1.54218003089095e-05
6.09229190836398e-08,4.85642320569925e-05,0.653881722514812,5.78713115172344e-07,0.233116120280615,0.00173001688817047,0.10614283285041,0.005070573458999,9.53013890259703e-06
3.39595829887132e-05,0.00148541739965133,0.256802373341127,4.54761220140253e-06,0.135465979226033,0.01883103425634,0.586086283061782,0.0012749837195672,1.54218003089095e-05
2.57027215289131e-05,0.00549240892443197,0.519185112766171,0.000152871779544635,0.335595498479202,0.123124120623327,0.0134864413531015,0.0028528952149761,8.49481377174516e-05
5.46366220025043e-06,0.00384689187689645,0.601069977472025,7.63246764265898e-05,0.29119693893833,0.084999401025874,0.0175132392868796,0.00126778028831759,2.39827730510559e-05
3.3258711908397e-05,0.0035616372366462,0.540598463485258,2.23904722241654e-05,0.269915787584095,0.081082270860462,0.103313696704169,0.00143142012846053,4.10748167760953e-05
1.69334000988848e-05,0.00187459314962436,0.561546317961914,2.71930955941123e-05,0.309124380928263,0.0440171092220431,0.0817392866969151,0.00160994518591138,4.42403596361809e-05
2.27331087860392e-07,2.54934763837474e-05,0.00487971202239173,2.988685305487e-08,0.133234590544924,7.7491312297983e-05,0.861610986528579,0.000119585449469633,5.18834480143737e-05
8.2433761022721e-05,0.00277030443914094,0.051456795128411,8.59828384403566e-06,0.855967698755504,0.0209244162431114,0.0409165766676485,0.0276129348307373,0.000260241890580639
0.000927235608447416,0.000162124679993037,0.0711475287117878,0.000357186841657745,0.000470430270461267,0.840488559908261,4.18303454651556e-06,0.0864426821583236,6.87865220722543e-08
2.35653425158355e-05,0.000364711008752102,0.715750202012348,0.000164635513084803,0.0100978837308333,0.265206510470299,0.00240451309509261,0.00598770027611025,2.78550963823746e-07
2.02603315261893e-05,0.00702201339013139,0.633627998536452,0.00018855894215852,0.169144502573112,0.181946670802024,0.00218406533087576,0.00578586482672375,8.00652669962669e-05
4.68717436237396e-06,0.00012157153039412,0.00278365273819965,5.55827389531191e-07,0.00181814255464419,5.00760659577243e-06,0.993559798367086,1.78272788579398e-05,0.00168875692247106
1.61844829739802e-05,0.000775824424225154,0.34664411643906,1.99112865241797e-05,0.27873385065803,0.0348335840475,0.33793674925541,0.00101342994462362,2.63494616526431e-05
2.19946836710946e-05,0.000310148074231619,0.305733569149387,0.000841107962407694,0.0283633646257639,0.658085918110489,0.00216317015862562,0.00447976791608058,9.59319343928326e-07
0.906220672349387,0.0138444040312879,2.52028453915446e-05,0.0796181040047831,1.28398650997421e-08,8.4035925648142e-05,1.46299184245279e-08,6.05119811016075e-05,0.000147041392617527
8.11357474977833e-05,0.000152402014183156,0.00102297698894953,0.00121063204693431,4.40683503622573e-05,0.905717302463702,1.76689461872227e-10,0.091771469033722,1.31779597710688e-08
0.365856583867622,0.510090017979786,5.77275493443825e-05,0.0975846931941842,5.1404622741635e-07,8.09852676036733e-05,3.30202322385926e-08,5.16063710756057e-05,0.0262778387039239
4.75057801644146e-08,1.59360260808506e-05,0.0199520290008736,1.76817718227302e-07,0.0150986817903306,1.86421831942476e-06,0.958398313236043,0.000145367517279979,0.00638758388757334
0.780092847604563,0.0238205680219972,9.29924871446892e-05,0.19533737297661,1.69414549751505e-08,0.00017188225919153,2.02923159736496e-09,0.000284870620283452,0.000199447059523138
2.79352677606021e-07,0.000703699497296629,0.0967788450797452,0.00116816866075144,0.0164243123108388,0.822915341722268,4.14981389082702e-07,0.0620062838989927,2.65449604048329e-06
0.481269358230408,0.0473532524445598,4.36014012901566e-06,0.470666827677063,9.97893342420095e-09,0.000324531334505719,4.83686948294359e-11,0.000240425784272166,0.000141234361760612
3.73306826483382e-08,7.70398169681322e-06,0.00475260955179226,1.0944273662816e-08,0.0821193648425777,4.06865578299949e-05,0.913018526718228,4.96153621314201e-05,1.14447107873631e-05
1.05629839161554e-07,3.66581607281544e-05,0.495221539498499,4.5901668188905e-07,0.282845940038433,0.00175702398533071,0.217322896151633,0.0027979067954864,1.74707233680455e-05
2.82925287916573e-05,0.00390838311952939,0.11861295284789,0.000187117203820924,0.061222708077184,0.00084712284466445,0.740764234443558,0.000245619057493188,0.0741835698770683
6.09229190836398e-08,4.85642320569925e-05,0.653881722514812,5.78713115172344e-07,0.233116120280615,0.00173001688817047,0.10614283285041,0.005070573458999,9.53013890259703e-06
1.05629839161554e-07,3.66581607281544e-05,0.495221539498499,4.5901668188905e-07,0.282845940038433,0.00175702398533071,0.217322896151633,0.0027979067954864,1.74707233680455e-05
8.64368996044716e-10,1.12874622199725e-05,0.0421536619596731,2.86274509783793e-09,0.333825759097155,4.23058400347562e-05,0.623581757419684,0.000365737440827743,1.94870532915167e-05
7.18214603610479e-08,0.000191654612425977,0.492871173426262,1.27938275511409e-06,0.384685602502827,0.0046110487133389,0.116497174731007,0.00112130335873715,2.0691451185823e-05
2.95901155680922e-07,0.000160277326021767,0.0204939327922448,4.95319665682659e-07,0.024149922305861,3.85582143407473e-06,0.926099453136185,0.00030975301425071,0.0287820143831814
4.75057801644146e-08,1.59360260808506e-05,0.0199520290008736,1.76817718227302e-07,0.0150986817903306,1.86421831942476e-06,0.958398313236043,0.000145367517279979,0.00638758388757334
8.26918467997044e-05,0.000728634113737263,0.605036149631411,0.00017137435186133,0.0307104820290617,0.000554595102797497,0.33012825042942,0.00711495767825154,0.0254728648166612
8.42253974183607e-06,0.000760351246480036,0.537677785540262,0.00023197615362416,0.00321496915821845,0.455071072044656,3.45178407625876e-05,0.00300054862987087,3.56846383609361e-07
1.02710969379369e-09,0.00093658392504856,0.0661263516132375,7.74953561741388e-08,0.910182298991716,0.000252223109360663,0.0220450586722083,0.000283981510765533,0.000173423655196815
4.48293343759218e-10,3.4559434820752e-06,0.0187382312806054,1.60820281616169e-09,0.319071608409173,1.49960626839529e-05,0.661979363812727,0.000168891673392447,2.34507614404362e-05
3.73306826483382e-08,7.70398169681322e-06,0.00475260955179226,1.0944273662816e-08,0.0821193648425777,4.06865578299949e-05,0.913018526718228,4.96153621314201e-05,1.14447107873631e-05
0.581400447143679,0.0206208677138159,0.0204990183878753,0.14376499186221,0.00012145995413868,0.205492003805614,1.31750987296648e-06,0.0280010245472995,9.88690754940631e-05
4.98728281283908e-07,0.00074132030247317,0.222714535372549,4.15547202643886e-06,0.130258204039801,6.93072115797677e-05,0.567256260846124,0.000625918381366926,0.0783297996457978
4.60792229013657e-09,3.20046392277299e-05,0.0367480320570441,6.74525252985285e-09,0.441647848744948,7.27894394646105e-05,0.520663530721184,0.000759435586410451,7.63474585471081e-05
1.56415199459764e-05,0.00142337418990459,0.549263911763171,0.000267185739440963,0.0109939933009132,0.435702092532135,0.000295659907753506,0.00203760406513108,5.36981603756595e-07
1.61844829739802e-05,0.000775824424225154,0.34664411643906,1.99112865241797e-05,0.27873385065803,0.0348335840475,0.33793674925541,0.00101342994462362,2.63494616526431e-05
5.91656158656842e-08,3.78546875479263e-05,0.00372126347928769,7.75414578825345e-09,0.0565404252140264,6.07042193024622e-05,0.939596430661445,3.48822783127981e-05,8.3725403161259e-06
0.0390316321141559,0.623768858692064,1.17418851334522e-05,0.00661197041215538,2.81556804343279e-05,1.15967446244329e-05,4.4281608215035e-06,0.000639098219183002,0.329892518091428
2.36292434935793e-09,9.9156977634927e-06,0.0162654259508889,3.79912231252587e-09,0.434280020808167,2.54397208633204e-05,0.548989926165385,0.000338854382690859,9.04111121941023e-05
0.00808010475851141,0.00773499487612294,0.738061042872952,0.0857823215666102,0.000298899475343001,0.152380093158571,6.51948646060748e-05,0.00694313267197074,0.000654215755312581
3.91156002232335e-05,0.000294965119946521,0.51587224483189,9.03678764080561e-05,0.00287034892244267,0.475290449057645,0.000751131131493072,0.00479106686898767,3.10590964336173e-07
1.12242354099607e-07,0.000573738556117115,0.644240682546734,1.13949395449982e-06,0.315307023677037,0.00824716347313638,0.0303309880185801,0.00127334952383871,2.58024682474565e-05
8.20939920195451e-06,7.64507425903173e-05,0.799908674624638,8.32102049874658e-05,0.0174440626389823,0.000285719967767651,0.172798218363883,0.00616248521574145,0.003232968842208
0.97200540852528,0.00821666320556998,5.48834241708235e-05,0.019508397685913,1.25172972645594e-08,7.47056294847207e-05,9.88995571473569e-08,8.62609884658602e-05,5.35691242624561e-05
0.132458751741808,0.074710300180218,0.0887877677152651,0.0363595105924271,0.109172457763209,0.116050289682204,0.168722500468565,0.0955005248224687,0.178237897033835
0.924408709283494,0.0272396314933199,2.89146905681789e-06,0.0476789552372918,5.03395676198393e-09,5.63397148453538e-05,9.70302619884666e-10,0.000557685129690545,5.5781668041954e-05
0.728554193629463,0.253603736614352,2.58192990212831e-06,0.0147296487991928,1.0628157597407e-07,1.65728922573419e-05,7.35683349704283e-08,0.000559924061476822,0.00253316222344443
0.000153956630758527,7.90321879866586e-05,0.0645043016566989,0.00058685529547597,0.000229273438143291,0.872026140407847,7.90751020650176e-08,0.0624203331566796,2.81513074055158e-08
0.00131588263437172,0.000162002133852118,0.00306908677620213,0.000304137089741417,0.000217471311720869,0.881961493054192,7.83423051894536e-07,0.112969119899628,2.36772400199412e-08
5.98086356130625e-05,0.00187054418837299,0.0899640969888996,1.31719680465541e-05,0.805652406046044,0.0271218331013039,0.0238293908077634,0.0512955808300616,0.000193167433894806
0.924408709283494,0.0272396314933199,2.89146905681789e-06,0.0476789552372918,5.03395676198393e-09,5.63397148453538e-05,9.70302619884666e-10,0.000557685129690545,5.5781668041954e-05
3.52660542856819e-06,0.00193356883174904,0.365372940183466,0.000387261057196049,0.00293315752310258,0.62737663840131,1.00959176581029e-05,0.00198255904935802,2.52430730840658e-07
3.88384497014967e-10,1.84684496960882e-05,0.024065502481174,5.77225846412933e-09,0.555783809234596,4.95158938564368e-05,0.419923735966737,0.000124014183386122,3.49476299120357e-05
0.0423953339186348,0.0166457467533368,0.00121955009654084,0.408980830262494,6.8448455992658e-05,0.000112094301348152,0.000382459741482081,4.71053997535678e-05,0.530148431070418
0.000927235608447416,0.000162124679993037,0.0711475287117878,0.000357186841657745,0.000470430270461267,0.840488559908261,4.18303454651556e-06,0.0864426821583236,6.87865220722543e-08
1.16286789174504e-07,3.21476145115312e-05,0.935160082921632,8.59765793032794e-06,0.00606991480212319,0.0518964516163059,0.000216963844044824,0.00661540398014159,3.21276521618576e-07
2.30555259684315e-06,0.00030113465685752,0.605818672121153,1.32557192848979e-05,0.193298220529602,0.052043484620828,0.143886681682825,0.0046271640798035,9.08103704979297e-06
0.000702009537439409,0.0131593371436823,0.00039872806588284,0.000320551148685534,0.000105132212640784,1.77724815270842e-06,0.00701443295411089,4.42936180383308e-06,0.978293602327602
7.65657332011004e-05,0.000330171660600306,0.0647737260337242,0.0012940446209863,0.00552561925177492,0.906235698625464,9.74388604245166e-06,0.0217531636637794,1.26652442775611e-06
1.33168815832723e-07,0.00272511531514386,0.226551477266606,2.25848806662257e-06,0.716182868274941,0.00669116903417362,0.0469518972938973,0.00069862195368422,0.000196459204671406
3.66270194576347e-10,0.000201463358922552,0.0032626461797183,1.58584243612668e-07,0.984839406155038,0.000402620463514162,0.00218258321153385,0.00899767870213158,0.000113442978627245
0.68061701707358,0.0131091848776589,1.37219823489344e-05,0.305174501377799,2.38557181398227e-08,0.000338005235336943,3.0236780871283e-09,0.000656947511828742,9.05950620507088e-05
0.700515015490968,0.156158661358968,1.71033868881716e-05,0.129078755940881,1.36986513289482e-06,9.7817348827924e-05,6.22292452896935e-07,0.000770648049969763,0.0133600062659099
0.00122812781743152,0.000175552115890427,0.00229230810404329,0.000632697058464687,0.00017801585125385,0.583659390916717,1.32877056372034e-07,0.411833737262388,3.79967545137729e-08
0.830923275549339,0.00681772004149838,0.00012958307602689,0.16159981040116,4.54228035517906e-08,0.000229656457269741,8.72045653377555e-08,0.000123404876880291,0.000176416970456924
0.88195477627127,0.0141223559831125,1.49145432430983e-05,0.102468652457887,1.78224566384827e-08,0.00015064859932891,5.88058592417598e-09,0.00121924823003242,6.93802120829757e-05
0.000580348865449005,0.000312957869583284,0.000747550334440368,0.00207169730342636,0.000370729477362607,0.835863044352141,1.22079547694609e-08,0.160053562237241,9.73524015435099e-08
0.00160260003402488,0.00115853877460847,0.849269206894987,0.0411865855200155,0.000219030337576738,0.103166243080467,8.11992725212553e-05,0.00314350914999996,0.000173086935798673
7.09111896492792e-07,0.000150595903434208,0.0181658832062364,1.94444112256257e-06,0.715503106086694,0.00690434302433535,0.249166030883595,0.0100003077348208,0.000107079607864885
0.0518159486968268,0.0409378978202655,0.0105991044587817,0.304370556359461,7.52356192418566e-05,0.000462348308355111,0.000889070100151562,4.20815164798335e-05,0.590807757120436
2.97415267233177e-05,0.000308010190132878,0.238586890913851,0.000467608770214308,0.016534953528234,0.738625029893492,0.00186504428531323,0.00358211299739573,6.07894643983328e-07
0.139804302309586,0.0369611304559638,0.0140363331528493,0.115728941445542,1.54029820106e-05,0.26233155565514,3.93208767728899e-07,0.431106104067979,1.58367221628476e-05
0.0108494111757977,0.000383971395049935,0.920290018059388,0.00867130274483547,0.000565664398261689,0.023608889153164,0.025929092790993,0.00950532976309961,0.000196320519410666
1.26694132145531e-05,2.83072401013075e-05,0.985519645277198,0.000919645212299821,0.000249047881506461,0.00606766926229332,0.000313855456368172,0.0068051157383018,8.40445187156984e-05
0.00357364070681457,0.000640194823789989,0.0525262093231871,0.000391176585763168,0.000462729778786895,0.83021978736083,1.22012501279685e-06,0.112184927706377,1.13589438744449e-07
0.000705532349324582,0.000415987777971671,0.574606742594691,0.000109365785786282,0.0109398011720975,0.384400827417954,0.013268863453941,0.015551017746887,1.86170134741008e-06
0.000799306843947814,0.0748906266560344,0.00266455680057545,2.6728613026545e-05,0.581444794098982,0.0878823929283506,0.0103456756422677,0.241585923047635,0.000359995369180865
0.42042210668135,0.287769259423514,0.0101327869932483,0.0112673690739117,0.000988434168180427,0.0376389815905154,0.00112149963281783,0.229083983206405,0.00157557923005774
0.0452192709326166,0.0108130994831162,0.782427584188624,0.034172155384466,0.00059498095440012,0.116659601223328,0.00156606710640287,0.0077163531487958,0.000830887578250021
5.63927520869155e-10,0.000137760214028513,0.0814397352429873,4.93133215204365e-08,0.826751183355295,0.000518563717848375,0.0908458349394191,0.000211400923492647,9.54717296801021e-05
3.65548854157573e-07,7.77048078128195e-05,0.00389875705696351,2.1302612365965e-08,0.0934231547140431,0.000117239098942799,0.902356302327734,8.80190741284599e-05,3.84360689085861e-05
2.36292434935793e-09,9.9156977634927e-06,0.0162654259508889,3.79912231252587e-09,0.434280020808167,2.54397208633204e-05,0.548989926165385,0.000338854382690859,9.04111121941023e-05
8.56567184346865e-05,5.34850908469747e-05,0.788320505141259,7.28478123565042e-05,0.0123603284052396,0.173745569788811,0.0158342004924273,0.00952676541473352,6.41135891452366e-07
0.343026951802366,0.0184354652441641,1.67640586078405e-05,0.637093171595356,1.28969546407615e-08,0.000928078250892203,1.04654841943639e-10,0.000447610526419358,5.19455205848006e-05
1.52199676284236e-06,0.00263568041715799,0.000519170632227288,0.000148232627586879,6.7536854092412e-05,3.81750828217163e-07,2.50374157236046e-05,8.15407178512447e-06,0.996594284233835
6.09229190836398e-08,4.85642320569925e-05,0.653881722514812,5.78713115172344e-07,0.233116120280615,0.00173001688817047,0.10614283285041,0.005070573458999,9.53013890259703e-06
4.3557260366359e-05,0.00262661080229356,0.0063588476334733,8.66237931359661e-06,0.0100780732230484,5.5901425074892e-05,0.961243614696538,4.49735140545048e-05,0.0195397590658379
1.81220109252557e-09,5.17680757254971e-05,0.0185037721001142,1.20139145720601e-08,0.669947638687229,7.28914063724741e-05,0.311057849257727,0.000247828303416013,0.000118238343300205
0.633976810019053,0.0290743719842714,2.63255541781711e-05,0.335073771348684,1.47407927255202e-08,0.00060738325202273,3.00474519665982e-10,0.0011809371517334,6.03856487900358e-05
4.05075405830557e-05,0.00187494332018702,0.00948892525402254,4.59339863944194e-06,0.00535976298322638,2.17643561066287e-05,0.972841336054222,0.000162262597428105,0.0102059044955847
2.57865211423198e-07,0.000137331264879971,0.00845547968546126,1.29468977919442e-07,0.314934372771818,0.000331821162779697,0.675899493992396,0.000143422532135593,9.76912563394805e-05
9.250018880176e-07,0.00218768518227435,0.000442273399035396,0.000383121442336951,8.46551267745176e-05,7.65343682373246e-07,1.05456872903932e-05,2.62940320961839e-06,0.996887399413508
1.21082747392436e-07,7.20958541470464e-05,0.639675402718205,4.84842709771787e-07,0.212478483651067,0.00323141800698856,0.140355777867799,0.00417695407926494,9.26189707259659e-06
2.58275922821167e-05,0.000181315711893283,0.371601035110323,3.23587585637322e-05,0.383683817356273,0.115041442946324,0.0073740099301902,0.122026696662113,3.34959320383519e-05
2.17700130567269e-06,8.52473347111675e-05,0.806069344012426,8.83210191060443e-05,0.0221123278268191,0.00100786681924824,0.163692911151995,0.00305693600570743,0.00388486882868164
0.000524507064860824,0.000106753187039263,0.0544102939601712,0.00067076474004418,0.000995694429539498,0.922238321985348,1.89170116169083e-06,0.0210516904503612,8.24814743762517e-08
9.66216689551559e-10,6.30889521398749e-05,0.0960423623577155,2.11040871236631e-08,0.698450795615121,0.000235674168945489,0.204578188397122,0.000533237027488438,9.663141116337e-05
1.41087146952647e-05,2.57813837888827e-05,0.313294977404704,6.99068644445768e-05,0.00223675622324943,0.436235112270499,3.78903214165545e-06,0.248119394256656,1.73849821247654e-07
0.000888097297521381,0.000376853966459742,0.00191138606470822,0.00104289040746761,0.000256967031495122,0.884139771465226,1.88422960317827e-08,0.111383942094816,7.28300092404082e-08
0.0171614951857374,0.0212178563256368,0.0218136250731845,0.00616712161667102,5.01428700065485e-05,0.0856086635068557,2.09671979500546e-06,0.847930693809592,4.83048925200692e-05
5.07057829556603e-06,3.43479914395277e-06,0.0151402696203718,2.02361459954854e-05,0.000372346394833401,0.125536346201464,3.17105841682703e-07,0.858921960164045,1.89900101961991e-08
0.764278130202916,0.0170827969056554,1.53213456014652e-05,0.218103234599233,1.97714631712464e-08,0.000186168663951488,7.47808017541687e-09,0.000203734487460976,0.000130586545638671
0.0461322416655254,0.000986886357641382,3.13273170269282e-05,0.952326300104357,3.04165984618535e-08,0.000395148924971703,3.39518399285506e-10,4.48817026544502e-05,8.31831717059915e-05
0.967139878674023,0.0127637970555811,2.17705038145054e-05,0.0198651415510895,3.89422369178764e-09,4.52622471297698e-05,1.1362702496282e-08,0.000125897113627704,3.82375978097918e-05
0.00279189674121269,0.000839406488741555,6.50833443207049e-07,0.995996760041422,1.91444434183264e-09,0.000316816584009605,1.40044365767434e-13,4.74356506012449e-05,7.03174598563817e-06
0.387751053972508,0.058372392003335,0.00012476798966377,0.552691861195478,1.18135808467603e-08,0.00054997234883971,1.37206496100808e-10,0.000303618027473685,0.000206322511914255
0.967139878674023,0.0127637970555811,2.17705038145054e-05,0.0198651415510895,3.89422369178764e-09,4.52622471297698e-05,1.1362702496282e-08,0.000125897113627704,3.82375978097918e-05
0.924408709283494,0.0272396314933199,2.89146905681789e-06,0.0476789552372918,5.03395676198393e-09,5.63397148453538e-05,9.70302619884666e-10,0.000557685129690545,5.5781668041954e-05
1.99542522935153e-06,6.97325427992789e-06,0.0152581074355132,5.08438572300618e-05,0.00020678485899096,0.250015116582723,1.72668726887328e-08,0.734460145672113,1.5647048115823e-08
2.11869516786445e-05,0.000521694171012821,0.256149499727359,5.39976375006288e-06,0.16838425228271,0.0793872429658478,0.00414285139875529,0.491359621031268,2.82517076189159e-05
3.92270838248614e-05,5.1774706435477e-05,0.00871657838005895,3.13196374739224e-05,0.000617438170554659,0.155294611986338,4.98241200614054e-07,0.835248436435581,1.1535853206469e-07
4.28694699036509e-05,0.00330361027753644,0.60931545566442,0.000381504011658864,0.0427436698007254,0.0102513662100252,0.126929107071966,0.193959282426392,0.0130731350673729
5.07057829556603e-06,3.43479914395277e-06,0.0151402696203718,2.02361459954854e-05,0.000372346394833401,0.125536346201464,3.17105841682703e-07,0.858921960164045,1.89900101961991e-08
0.259658397279732,0.490162052762406,6.18119444793771e-05,0.236106013752205,3.90204911545309e-07,0.000275578507627942,7.18563710700762e-09,3.92290025044454e-05,0.0136965193604969
0.160032683463485,0.164822522584002,0.00143315868968454,0.622571966926087,6.71746300686352e-07,0.00588777395086335,8.82591436086141e-09,0.0429440167432129,0.00230719707044964
9.66284642902568e-06,0.000765523047011722,0.0187957127999393,9.28996859532592e-06,0.0108463666501293,5.58338319101877e-05,0.964092306798457,5.63677196094958e-05,0.00536893633791852
3.70910466148969e-10,2.8563263200405e-05,0.0555245107901094,1.22957681547987e-08,0.628715204934758,7.2680701931497e-05,0.315395270124415,0.000232052771727718,3.17047471799711e-05
2.27331087860392e-07,2.54934763837474e-05,0.00487971202239173,2.988685305487e-08,0.133234590544924,7.7491312297983e-05,0.861610986528579,0.000119585449469633,5.18834480143737e-05
0.00508809872761396,0.000678242285390487,0.00317830709365368,0.000304898984695876,0.000261556765545282,0.445257428832335,1.04893421176778e-06,0.54523032529763,9.30789233540717e-08
1.16138246173545e-09,3.9030082111171e-05,0.0392977295292359,4.88270512410879e-07,0.940488971049382,0.00242870417208523,0.00553921237027426,0.0120919670789028,0.000113896286113919
4.63916541166702e-10,8.10605990399035e-05,0.12401078338292,2.02545812425397e-08,0.794450942508523,0.00010273724341454,0.0807954273959372,0.000491944810700717,6.7083340966652e-05
0.88195477627127,0.0141223559831125,1.49145432430983e-05,0.102468652457887,1.78224566384827e-08,0.00015064859932891,5.88058592417598e-09,0.00121924823003242,6.93802120829757e-05
0.233255213178254,0.0460783274785145,2.34300585098047e-05,0.718902294352229,1.32995015254832e-08,0.000981268828784557,3.5931628316483e-11,0.000656246145420733,0.000103206622854468
0.97200540852528,0.00821666320556998,5.48834241708235e-05,0.019508397685913,1.25172972645594e-08,7.47056294847207e-05,9.88995571473569e-08,8.62609884658602e-05,5.35691242624561e-05
1.16286789174504e-07,3.21476145115312e-05,0.935160082921632,8.59765793032794e-06,0.00606991480212319,0.0518964516163059,0.000216963844044824,0.00661540398014159,3.21276521618576e-07
0.0125350323102925,0.0104657796634915,0.000521501719283949,0.952713537629834,2.32295472011866e-07,0.00263945584694922,3.75124685537109e-10,0.0206107826672347,0.000513677492317573
0.000510475160392215,0.0667181434219345,0.0597813097245912,0.00174903259054857,0.00225840344702838,0.0718681359873331,3.52319636955241e-05,0.795914140932853,0.00116512677162331
0.00308634086464014,0.00167350566459236,0.0453839724190644,0.00612370210648755,7.39383685978044e-05,0.069885923114929,3.39631464044054e-06,0.873744465287424,2.47558596249459e-05
0.000569190225126815,0.0344831469340883,0.00288277687223213,1.13318656328749e-05,0.50408740341991,0.0231250411448491,0.01578612927502,0.418732113562467,0.000322866700673776
5.07242403435473e-08,0.000127075663886402,0.964511049584131,6.77472811142993e-06,0.00725675256123403,0.0224396283124242,8.16214700114214e-05,0.00557687927673147,1.67679229949954e-07
0.947376405871476,0.00644058953356317,0.000112158265485741,0.0456589473719979,2.71151298472441e-08,8.52374830489441e-05,1.44639100594241e-07,0.000211246656212947,0.000115243063985032
0.893717588874151,0.0721523256011435,0.00013209123874846,0.0182093175189458,1.61254822543225e-06,2.20384644459013e-05,2.74022190398112e-05,0.000166673627040956,0.0155709499082593
0.893717588874151,0.0721523256011435,0.00013209123874846,0.0182093175189458,1.61254822543225e-06,2.20384644459013e-05,2.74022190398112e-05,0.000166673627040956,0.0155709499082593
0.784463108583515,0.0157013727544622,0.000237947080197681,0.198815410228821,5.42653087115133e-08,0.00029858566181505,1.88081791307146e-08,0.000200483034298864,0.000283019583401688
0.864842861851853,0.032742415563316,4.75241423616879e-05,0.101920312391637,1.49422167031565e-08,0.000110546149363425,3.14974358192109e-09,9.37231416460053e-05,0.000242598667862456
0.97601921069394,0.0153949023633372,1.00402596223557e-05,0.00847271271607181,3.10600442083947e-09,2.52726097073805e-05,1.56191504973089e-08,3.66027686481431e-05,4.12398635183458e-05
6.02433822515261e-05,0.000183521798990469,0.011631704159672,0.00139069280731029,0.00031752782772015,0.974629111889461,2.81843208829067e-08,0.0117871300052031,3.99450714321003e-08
0.843241060309918,0.148516403191721,1.07951686639232e-05,0.00315781765052229,1.82179389376345e-07,6.03439264263284e-06,2.73033464651557e-06,2.58269185780432e-05,0.00503914985391925
0.893717588874151,0.0721523256011435,0.00013209123874846,0.0182093175189458,1.61254822543225e-06,2.20384644459013e-05,2.74022190398112e-05,0.000166673627040956,0.0155709499082593
0.569213546520255,0.185892203892383,0.112932334161704,0.00710856627720635,0.00308952823469343,0.0300507471446946,0.0377322694572025,0.0502936630549607,0.00368714125690093
0.329773906569584,0.0215849643228959,0.224132487873078,0.104676808925588,0.000122463989517671,0.215857035703325,2.22964258510713e-05,0.103738332227891,9.17039622692475e-05
0.0610829228475269,0.872838780790843,5.73703302639147e-07,0.000366986117365196,2.29542754101517e-06,1.19362263549788e-06,5.63813897136162e-06,0.000191998412485856,0.0655096109393293
0.967283614411824,0.012067367012423,2.04048555026366e-05,0.0204180829964446,6.98861202984736e-09,2.97510945155766e-05,2.29557315874149e-08,9.08098536575416e-05,8.99398312886146e-05
0.700515015490968,0.156158661358968,1.71033868881716e-05,0.129078755940881,1.36986513289482e-06,9.7817348827924e-05,6.22292452896935e-07,0.000770648049969763,0.0133600062659099
0.830923275549339,0.00681772004149838,0.00012958307602689,0.16159981040116,4.54228035517906e-08,0.000229656457269741,8.72045653377555e-08,0.000123404876880291,0.000176416970456924
0.659906076999466,0.110595845792073,6.18404312938133e-06,0.22824725350779,6.68657814400791e-09,0.000275540931646161,1.11679356108961e-10,0.000878503591787654,9.0588335849123e-05
0.830923275549339,0.00681772004149838,0.00012958307602689,0.16159981040116,4.54228035517906e-08,0.000229656457269741,8.72045653377555e-08,0.000123404876880291,0.000176416970456924
0.36134025049185,0.0975568790072699,1.25736119764269e-06,0.540057710736285,6.89504039177431e-09,0.000593556087881583,2.82362944971631e-11,0.000366086464988829,8.4252927250893e-05
0.946236292351961,0.0183986261171101,1.30277727577662e-05,0.0351805112657169,5.82825874165966e-09,7.63376028711986e-05,1.02264557849618e-08,2.55931693292013e-05,6.95956655402324e-05
0.893717588874151,0.0721523256011435,0.00013209123874846,0.0182093175189458,1.61254822543225e-06,2.20384644459013e-05,2.74022190398112e-05,0.000166673627040956,0.0155709499082593
0.0411829742441395,0.00264974340766786,1.51745583152834e-06,0.955617246257539,1.51527984567185e-08,0.000407132465947266,1.8568867658603e-11,8.95246941112355e-05,5.18463033964006e-05
0.331498921774069,0.00604201632770831,1.61821038127125e-05,0.661891061795222,2.88397526549817e-08,0.000239995838218122,2.57570127007202e-09,0.000134217314675797,0.000177573430841262
3.19653691420127e-10,0.000226957246529413,0.0532932388923267,2.49611907759324e-08,0.891288783816128,0.000173035927068082,0.0548186050822795,0.000120653564756219,7.87001900684236e-05
0.785338700321143,0.0102032503964519,2.84332577838195e-05,0.200385976062947,1.97845853141569e-08,0.000253208652511189,3.65976406918536e-09,0.00373370988348021,5.66979813331544e-05
3.5786309306272e-05,1.42896696299149e-05,0.350058484452633,2.51155539414884e-05,0.00244877940159546,0.267903649234707,3.56020880249433e-05,0.379478203287811,9.00023507493161e-08
5.07057829556603e-06,3.43479914395277e-06,0.0151402696203718,2.02361459954854e-05,0.000372346394833401,0.125536346201464,3.17105841682703e-07,0.858921960164045,1.89900101961991e-08
1.69146908854092e-06,0.000207761103175694,0.0449759299952875,4.5091945689913e-05,0.135425838504238,0.333199810425878,7.38237290927749e-06,0.486128304992369,8.18919136331083e-06
1.44096346377963e-06,7.30526824543569e-06,0.014316438683802,0.000158870136155855,0.000344878364144616,0.509123779638735,8.95717351955704e-09,0.476047258706911,1.92813678970636e-08
0.000212501844026416,5.66859880050318e-05,0.00272104797393088,0.000503638760265334,0.000109287242829895,0.91995025684269,1.46771632630361e-08,0.0764465566152352,1.00558539927208e-08
0.00185095870518315,0.000207512526637117,0.00256540974543008,0.00023297938075539,0.000115286257277713,0.323087816067448,2.91592462774517e-07,0.671939712596289,3.31285165180851e-08
5.50538423814824e-05,2.89879624431568e-05,0.224527311396644,3.88346480216686e-05,0.0023460622019603,0.18999749521401,1.20577437096007e-05,0.582993953542089,2.43448741107486e-07
0.0105560090897493,0.000685666743918973,0.0636854916707445,0.000239451372029502,0.000605599448738301,0.662560664096186,2.30283039504647e-05,0.261643971213666,1.18061017425561e-07
6.67288271304532e-06,2.00985621081705e-05,0.0258622452350571,0.000261277938934636,0.00221293109665993,0.666727833837662,6.33115299080938e-08,0.304908765567473,1.11567862424886e-07
7.78424915438285e-10,7.10922267788058e-06,0.0157785111664848,1.193563436809e-09,0.242748012202259,2.34224743393863e-05,0.741292953934677,0.000131326512519039,1.86625150541288e-05
2.31829796521702e-05,5.04217711530173e-05,0.248859354656697,4.58921577269936e-05,0.001509707681931,0.582087552459461,4.12384328591171e-06,0.167419641927798,1.22522294735935e-07
0.864842861851853,0.032742415563316,4.75241423616879e-05,0.101920312391637,1.49422167031565e-08,0.000110546149363425,3.14974358192109e-09,9.37231416460053e-05,0.000242598667862456
0.000270328886813133,0.000140289278828892,0.0503165016845638,0.000517187250604957,0.000310025752638861,0.919435193105215,1.91179494573414e-07,0.0290102320662584,5.07955830502989e-08
0.967283614411824,0.012067367012423,2.04048555026366e-05,0.0204180829964446,6.98861202984736e-09,2.97510945155766e-05,2.29557315874149e-08,9.08098536575416e-05,8.99398312886146e-05
0.162746928199591,0.0169243711205789,0.000166980223604348,0.818559489457826,2.65817200917818e-08,0.00134562884810719,3.59183607072535e-10,6.32626925117868e-05,0.000193312516877129
0.858450626890084,0.129300437286452,2.42033045322707e-05,0.00741967637006188,2.28985786927347e-07,1.02974845495377e-05,2.02722001007479e-06,8.56262424989058e-05,0.00470687621602416
0.473993940976653,0.0220243348261126,0.000222832603317404,0.502103178309933,1.85142196299654e-08,0.00133864926130076,3.38709149351386e-09,0.00022614635998358,9.08957613878592e-05
0.123217847818497,0.312690711128885,0.000287618256231338,0.00430311738708999,7.4557508865949e-05,9.49920914936399e-06,0.00204579072811895,0.000720317751875431,0.556650540211286
0.944066910263812,0.0353136064176843,1.41556358911944e-06,0.020321175832599,2.05218342278643e-09,4.61069569619979e-05,6.68939635830078e-10,0.000224832356313883,2.59498879164979e-05
0.857912541061277,0.122972991285658,2.24512897369702e-05,0.00767168230075621,4.13390914267466e-07,7.16048915820931e-06,4.13126642563717e-06,6.58822536799359e-05,0.0113427466623944
0.809325257664818,0.063382140900721,5.35397968990528e-05,0.126694315686716,9.74145012972705e-09,0.000184442711788414,3.14623009631645e-09,0.000182341364715254,0.000177948986662601
0.946236292351961,0.0183986261171101,1.30277727577662e-05,0.0351805112657169,5.82825874165966e-09,7.63376028711986e-05,1.02264557849618e-08,2.55931693292013e-05,6.95956655402324e-05
0.00239399930515055,6.46115696830407e-05,0.150386992256105,0.000289754163833728,0.00118477788362509,0.539222221091709,5.21356429110425e-05,0.306405430443684,7.76432980761599e-08
0.947376405871476,0.00644058953356317,0.000112158265485741,0.0456589473719979,2.71151298472441e-08,8.52374830489441e-05,1.44639100594241e-07,0.000211246656212947,0.000115243063985032
0.365856583867622,0.510090017979786,5.77275493443825e-05,0.0975846931941842,5.1404622741635e-07,8.09852676036733e-05,3.30202322385926e-08,5.16063710756057e-05,0.0262778387039239
0.97200540852528,0.00821666320556998,5.48834241708235e-05,0.019508397685913,1.25172972645594e-08,7.47056294847207e-05,9.88995571473569e-08,8.62609884658602e-05,5.35691242624561e-05
0.947376405871476,0.00644058953356317,0.000112158265485741,0.0456589473719979,2.71151298472441e-08,8.52374830489441e-05,1.44639100594241e-07,0.000211246656212947,0.000115243063985032
0.947376405871476,0.00644058953356317,0.000112158265485741,0.0456589473719979,2.71151298472441e-08,8.52374830489441e-05,1.44639100594241e-07,0.000211246656212947,0.000115243063985032
0.947376405871476,0.00644058953356317,0.000112158265485741,0.0456589473719979,2.71151298472441e-08,8.52374830489441e-05,1.44639100594241e-07,0.000211246656212947,0.000115243063985032
0.401438474454358,0.524619239052716,0.000165552825857324,0.0383984251686082,2.34413962440291e-06,9.63979844790407e-05,8.98752793750252e-07,0.000344230276536569,0.034934437345027
0.97200540852528,0.00821666320556998,5.48834241708235e-05,0.019508397685913,1.25172972645594e-08,7.47056294847207e-05,9.88995571473569e-08,8.62609884658602e-05,5.35691242624561e-05
0.273247846281306,0.706737031429645,5.35762567256445e-05,0.0124794241323818,4.1062957121843e-07,8.61495618222336e-05,4.55573613114704e-07,0.000155837843650722,0.00723926829128562
0.810950351090308,0.14025338738566,2.89597331477681e-05,0.0301081580111174,8.02336814690088e-07,2.14159506055622e-05,2.60250567453855e-06,4.30046630979432e-05,0.0185913183235748
0.00810673494474217,0.00192333654587606,7.51500737452044e-05,0.977865135768478,4.64306385494354e-07,0.000977774330756252,1.02488884953651e-09,0.0105617803412641,0.000489622663863465
1.36381763525553e-06,9.79099939224782e-05,0.00865663204973852,1.93946987972334e-05,0.118687507332632,0.108442044000204,5.63642353665846e-05,0.764032998605515,5.7852661881308e-06
0.893717588874151,0.0721523256011435,0.00013209123874846,0.0182093175189458,1.61254822543225e-06,2.20384644459013e-05,2.74022190398112e-05,0.000166673627040956,0.0155709499082593
0.923207777234361,0.0294766084236149,2.96599472255726e-06,0.0464305754567548,2.51363839961915e-09,8.6388547263668e-05,4.71878010287935e-10,0.000771913322312719,2.37680354529388e-05
0.747180715213168,0.210618818874762,5.63619135339694e-06,0.034962987806893,2.51964347946948e-07,2.18799167842994e-05,1.12725938627697e-07,0.00147714394886182,0.0057324533578908
0.738908611108187,0.0619524577448938,5.67803783200597e-06,0.198353083876552,8.44370025306488e-09,0.000172248751917725,1.14580827646525e-10,0.000476668347504198,0.000131243574832654
0.836667356740414,0.0846633034891899,0.000186411386314638,0.0676902128643214,1.69957131664481e-06,9.352390462215e-05,8.28771547570853e-06,0.000128800413625807,0.0105604039147192
0.896634110722497,0.00490146854872226,0.000233755202073713,0.0972916986224563,3.26336619760648e-08,0.000145751708800778,9.87628466910976e-08,0.00069160492675626,0.000101478872184851
0.000282873291559061,2.89038685735252e-05,0.0016111128585564,0.000926124220971395,0.000319701940353812,0.561230542140791,2.01273337746828e-07,0.435600519570516,2.0835341417398e-08
6.56753340458367e-05,0.000153557908784477,0.00923992244268453,8.58551227599449e-05,0.00102132161976838,0.518128523724191,4.18792033072988e-07,0.471304577174039,1.47881694293802e-07
0.00193031424581258,8.52657290002074e-05,0.0766203634728915,0.000472375561976731,0.00158355331197192,0.855503187491612,4.16504413843561e-05,0.0637631757401692,1.14005181914989e-07
4.12552284533291e-06,1.81532134271906e-05,0.0155456131742087,4.26320415738955e-05,0.000190212116172999,0.377288113870453,2.51627475092763e-08,0.606911110912008,1.39865640616395e-08
2.43664870715027e-06,0.00262365959079177,0.00566494758044861,7.76562887342255e-07,0.425554918493255,0.00643136698649248,0.0023921008182156,0.557214578221682,0.000115215097520367
1.05641970433888e-06,0.000889085395801254,0.0528767812494535,9.4937882399446e-06,0.130132026177196,7.1342539977511e-05,0.71264387928652,0.0198327698263164,0.0835435653167905
1.14467501548076e-05,1.35521735519603e-05,0.00608208924472999,2.0233863679156e-05,0.000225345236408381,0.115044341054859,1.12459691538115e-07,0.878602845563947,3.36529791332937e-08
0.0001939882851643,0.000128257496976467,0.00483882640358115,0.00147975819535493,0.000265537919178307,0.979527256473843,7.17465615412445e-08,0.013566232647077,7.08322637436992e-08
3.37063487762565e-06,4.29324209969205e-06,0.00541128106658891,0.000148741390727746,0.00118181517889686,0.23398809816007,1.52958330111925e-07,0.759262208240097,3.91283112250766e-08
0.69121206833804,0.0141477249111233,1.42378766862168e-05,0.293210766714974,1.22432295879372e-08,0.000494825495658745,1.46547894101625e-09,0.000882120492963576,3.82424618459236e-05
0.0284777062401554,0.0113679370110732,8.65510678283826e-07,0.959591909048244,2.5992939158973e-09,0.000304466259144483,3.14878775282138e-13,0.000227285051882638,2.98282792129581e-05
0.00510877444342154,0.000168620750561647,0.13863300547966,0.000307582543001475,0.00193398493663883,0.658915278140429,0.000148775548600706,0.194783802867332,1.75290354714725e-07
0.0338293805482418,0.105240768739003,0.0239270998742056,0.0204251262998863,0.0301079941878397,0.0410266254936757,0.000222985550926531,0.721198341487644,0.0240216778185771
6.38907287527087e-06,0.00023121170751781,0.00886472641998529,1.62372533517137e-06,0.0032943271481282,1.0537333978155e-05,0.985373569470402,6.61669329983598e-05,0.00215144818877959
0.181828996838998,0.0862121908186092,0.121089129307608,0.0751103645806978,0.124010388809255,0.091336547345864,0.148753802179845,0.0710758936053188,0.100582686513804
0.00350722194941194,0.00941175662729616,0.00215977355994802,0.000959302810555875,0.0656576862826889,0.389150209569862,0.000106240348037908,0.529020466518214,2.73423339854355e-05
