1 
1 
1 
0.01354731 0.1798095 0.07162747 0.1116538 0.1492932 0.08876529 0.06840781 0.10499 0.2119056 
0.1243213 0.1647991 0.004867974 0.2209838 0.09076233 0.144687 0.05277699 0.1039353 0.09286612 
0.08420672 0.0626144 0.05915304 0.1261249 0.1698975 0.1025556 0.2437267 0.005793941 0.1459273 
0.1412477 0.1085335 0.0766802 0.05044039 0.1669942 0.04825439 0.144144 0.006910038 0.2567955 
0.09070373 0.06466625 0.118175 0.01558132 0.06467833 0.05730459 0.1782046 0.2502942 0.160392 
0.2584138 0.1827405 0.123177 0.09905126 0.007463023 0.06014007 0.1343288 0.05792101 0.07676453 
0.002942518 0.244157 0.09831794 0.07385666 0.05834023 0.103193 0.1729494 0.07091517 0.1753281 
0.1478247 0.07832504 0.06114015 0.08571075 0.01917131 0.2265711 0.05824951 0.2444229 0.0785845 
0.2083303 0.05037744 0.1050225 0.1683168 0.0985347 0.1327916 0.07266371 0.05991207 0.1040508 
0.07096601 0.06376382 0.1310143 0.09556275 0.1220691 0.221642 0.08796 0.1370856 0.06993644 
0.05562491 0.08780039 0.1125704 0.06204289 0.197574 0.166663 0.06992234 0.093702 0.1541001 
0.07313022 0.0729338 0.1507271 0.1929893 0.09571722 0.06584845 0.119507 0.07864314 0.1505038 
0.05737346 0.1563615 0.218526 0.08354718 0.1268196 0.134476 0.09448008 0.04616216 0.08225408 
0.260043 0.05347309 0.06748719 0.09414208 0.06106091 0.1063761 0.1410634 0.1238993 0.09245497 
0.07365041 0.2064506 0.1698449 0.1340024 0.06549649 0.09909928 0.0501872 0.1203481 0.08092076 
0.08219322 0.04507055 0.2189512 0.1308163 0.1632213 0.0711486 0.08610638 0.07767194 0.1248204 
0.09787676 0.149015 0.2143848 0.06804076 0.08375441 0.08590673 0.07785934 0.06140426 0.1617579 
0.1775438 0.1193991 0.1194751 0.0808593 0.05422596 0.07851354 0.08614236 0.0599477 0.2238932 
0.04716283 0.1154466 0.1747234 0.1176841 0.08510904 0.0572808 0.1393291 0.1549538 0.1083102 
0.08174952 0.1269333 0.06496408 0.06060032 0.1789682 0.1156797 0.1712444 0.1074205 0.09244016 
0.06224479 0.1044506 0.1671307 0.2382619 0.0728609 0.1701993 0.06030232 0.06021012 0.06433937 
0.09608145 0.07808218 0.07509149 0.1380657 0.09585452 0.165543 0.09797181 0.2216927 0.03161716 
0.07807057 0.059234 0.08548626 0.201062 0.05731836 0.135081 0.09997909 0.194709 0.08905973 
0.2079345 0.07014662 0.1502396 0.1014205 0.07532274 0.1358749 0.05295904 0.06384466 0.1422573 
0.03736698 0.1846486 0.100626 0.04495979 0.03559287 0.08209553 0.155021 0.2508088 0.1088804 
0.05266381 0.08903125 0.08101642 0.04701016 0.1816326 0.202606 0.1123201 0.1418928 0.09182686 
0.05142048 0.1201832 0.1034019 0.07626903 0.1541588 0.07390258 0.1222151 0.2099274 0.08852155 
0.2053534 0.07118102 0.06364072 0.06175726 0.1937869 0.09302177 0.1158087 0.07282615 0.1226241 
0.1408713 0.05182041 0.08333973 0.1538512 0.06213464 0.1394853 0.05199839 0.08339301 0.2331061 
0.08195088 0.08051934 0.203732 0.07881859 0.0509796 0.1223849 0.0763752 0.1331541 0.1720854 
0.05856186 0.1491973 0.1363783 0.09776542 0.2063445 0.137477 0.09092434 0.08302775 0.04032356 
0.06776865 0.05980606 0.136471 0.07633444 0.07096771 0.2138419 0.1470934 0.1564137 0.07130318 
0.09236186 0.1154978 0.04669859 0.05403728 0.07540899 0.1315673 0.1927129 0.102858 0.1888572 
0.05921713 0.1483547 0.1366886 0.05951714 0.08603905 0.05049974 0.1557601 0.2454293 0.05849435 
0.1296284 0.1168208 0.07568348 0.1228325 0.07588022 0.1785105 0.07053559 0.06960114 0.1605073 
0.1498429 0.1060604 0.06101688 0.1274484 0.1709843 0.1368697 0.07970968 0.1081619 0.05990573 
0.0682989 0.08257207 0.176395 0.07902182 0.1459761 0.09157336 0.0901274 0.1248586 0.1411767 
0.08939832 0.1283168 0.132025 0.09211046 0.1794554 0.066253 0.1624397 0.1055722 0.04442918 
0.08756629 0.07259149 0.1219488 0.1573593 0.1273469 0.07232374 0.1003391 0.2000282 0.06049618 
0.233683 0.08755047 0.1703346 0.1169291 0.06765873 0.0681019 0.06523478 0.04397846 0.146529 
0.1545539 0.07831554 0.08848062 0.1288611 0.06225948 0.2512261 0.04746938 0.05345324 0.1353806 
0.1220098 0.05442907 0.07313372 0.2484378 0.07747631 0.1728081 0.1195979 0.08658451 0.04552275 
0.08598267 0.1333109 0.06942731 0.2323703 0.1332043 0.149202 0.0733851 0.07056447 0.05255293 
0.07051176 0.06475948 0.07763873 0.07106718 0.1406527 0.139949 0.1446668 0.06516338 0.2255911 
0.06045946 0.07457317 0.1228937 0.1586344 0.234132 0.07849349 0.1359843 0.07890882 0.05592059 
0.1016295 0.05547548 0.1865236 0.09901309 0.0784126 0.1509788 0.1340647 0.06816711 0.1257351 
0.1874451 0.1130226 0.1372176 0.057566 0.07732378 0.1644593 0.1419068 0.06281132 0.05824752 
0.05855819 0.08899984 0.08970312 0.09948379 0.1824822 0.2004111 0.1325677 0.07771345 0.07008063 
0.1562003 0.07290363 0.08760133 0.09201502 0.1058963 0.1221755 0.07045754 0.07536446 0.2173859 
0.07168984 0.07096247 0.2102077 0.06356489 0.06562392 0.141958 0.08098083 0.08280212 0.2122102 
0.08789717 0.169595 0.09470609 0.2035376 0.04922048 0.06493504 0.1070979 0.08268885 0.1403219 
0.09725779 0.08872526 0.06113788 0.2225787 0.0604004 0.08279994 0.1763577 0.06484937 0.145893 
0.06690976 0.09878229 0.0903595 0.1113531 0.09119181 0.2031188 0.1744598 0.06520357 0.09862145 
0.08056488 0.1096324 0.1760204 0.1440339 0.09203773 0.03770495 0.1763666 0.09970102 0.08393817 
0.08790259 0.1247804 0.07518747 0.07354396 0.07943105 0.21518 0.203765 0.06540702 0.07480255 
0.172325 0.09594924 0.09369005 0.061175 0.08910601 0.05472064 0.2497235 0.1311332 0.0521774 
0.07354871 0.1918639 0.205508 0.0870957 0.09961089 0.1233187 0.08113322 0.0638161 0.07410483 
0.05868894 0.2077755 0.1157128 0.1913868 0.07619518 0.07441711 0.07753871 0.08330603 0.114979 
0.07736271 0.1225919 0.08165735 0.08527505 0.1570099 0.04808271 0.2154393 0.15568 0.056901 
0.1523967 0.1179707 0.186895 0.08173939 0.1281244 0.08623323 0.05932458 0.07733544 0.1099806 
0.07131995 0.1160461 0.1347146 0.080454 0.1361696 0.05893207 0.2270564 0.09903163 0.07627568 
0.07551285 0.1313767 0.03974823 0.09292861 0.1593847 0.07508524 0.2547964 0.1110134 0.06015381 
0.08426539 0.05879167 0.1051992 0.174191 0.2159249 0.04547525 0.0989482 0.1387802 0.07842421 
0.08798713 0.1119897 0.2197414 0.0577806 0.07421467 0.1487285 0.0687176 0.1547343 0.07610615 
0.07661568 0.1090796 0.07794981 0.1919967 0.07639614 0.04852843 0.1443454 0.1956266 0.07946156 
0.0688252 0.04537056 0.084983 0.1245724 0.1823468 0.1230158 0.07733712 0.09308826 0.2004609 
0.1856418 0.06244107 0.06694544 0.04834043 0.1009228 0.2021397 0.1459836 0.08963271 0.09795235 
0.08238404 0.1251505 0.09955876 0.05340217 0.07012118 0.2096121 0.08071202 0.07681326 0.2022459 
0.08718917 0.1039886 0.05396119 0.08358135 0.1506397 0.1577058 0.04901274 0.2512691 0.06265226 
0.1046699 0.1454751 0.1294278 0.2313391 0.05936399 0.05862275 0.07904091 0.06187336 0.1301871 
0.1971606 0.09924117 0.07809391 0.04548309 0.08371272 0.1299909 0.07100844 0.203249 0.09206025 
0.07160843 0.2307226 0.07172294 0.07067818 0.1412884 0.05085538 0.160007 0.1261778 0.07693931 
0.138298 0.117866 0.06202547 0.09144006 0.2210039 0.06031149 0.1543449 0.08501956 0.06969066 
0.07922467 0.1371741 0.1087545 0.08677701 0.1866955 0.05562696 0.06399327 0.2048932 0.07686081 
0.05202653 0.2020797 0.08440739 0.05947716 0.07061335 0.07283972 0.228576 0.1352243 0.0947558 
0.08241778 0.1041268 0.08811194 0.05224391 0.1216872 0.06787172 0.2406238 0.07549126 0.1674255 
0.0512607 0.09210299 0.05518535 0.1597405 0.2030188 0.09784189 0.07667408 0.1977555 0.06642023 
0.1742573 0.113772 0.1271005 0.09468436 0.1877264 0.05897379 0.08242233 0.06109412 0.09996921 
0.1377463 0.0675319 0.1310204 0.06850255 0.2483484 0.1529801 0.04277523 0.08950822 0.06158691 
0.06356017 0.05743473 0.08278554 0.08501191 0.1750555 0.227855 0.08860667 0.1520518 0.06763868 
0.09095803 0.07001441 0.07152598 0.07802145 0.1359654 0.1614406 0.07332469 0.1218555 0.1968939 
0.03789 0.07317546 0.1027609 0.1169837 0.1352237 0.05054612 0.161289 0.07961193 0.2425193 
0.1459734 0.08238123 0.08543984 0.176075 0.2056359 0.04932606 0.07789087 0.05978839 0.1174893 
0.1709594 0.1138375 0.1979173 0.08127511 0.07052571 0.1186741 0.07843654 0.07940537 0.08896883 
0.1265604 0.181019 0.06563992 0.06411744 0.0705444 0.2344189 0.0793717 0.04222274 0.1361055 
0.1102699 0.05597137 0.08809028 0.06640305 0.07919455 0.05067941 0.15213 0.172021 0.2252405 
0.2205895 0.08079853 0.1077109 0.0785289 0.07095945 0.1724386 0.1411779 0.04938835 0.07840785 
0.1773054 0.08120989 0.07797344 0.08037925 0.08165074 0.1884481 0.1346309 0.07605658 0.1023458 
0.1023114 0.1812638 0.08252891 0.1361566 0.1012362 0.1877181 0.05645613 0.04179715 0.1105316 
0.0444745 0.07037472 0.07905491 0.1468653 0.1662312 0.2458943 0.05231941 0.1162413 0.07854435 
0.2236872 0.09470369 0.148163 0.08234296 0.05449112 0.1358449 0.05194029 0.08774727 0.1210797 
0.09074634 0.1270104 0.1017651 0.05705488 0.05842757 0.2078283 0.1483658 0.1320094 0.07679224 
0.2290777 0.1351575 0.09425045 0.1306126 0.06664103 0.06271164 0.07872203 0.05439541 0.1484317 
0.2485678 0.1293555 0.1250198 0.1649983 0.1011414 0.04376594 0.06802501 0.07595218 0.0431741 
0.1169132 0.0749463 0.1031179 0.2232458 0.07830054 0.06576633 0.1077817 0.179046 0.05088219 
0.05253424 0.1689087 0.1162189 0.09077639 0.2344832 0.1318439 0.08288897 0.055147 0.06719868 
0.1253032 0.06877033 0.06857878 0.06179434 0.06511958 0.2248825 0.08172533 0.1765887 0.1272373 
0.05125172 0.2327827 0.06044841 0.06428358 0.0818094 0.1346713 0.06442788 0.1558243 0.1545008 
0.1390603 0.09316463 0.1021718 0.06683038 0.06581066 0.1138854 0.1814736 0.06937359 0.1682296 
0.06888762 0.147665 0.1628983 0.09568731 0.1494322 0.09152737 0.06477202 0.09912382 0.1200063 
0.1886331 0.06824371 0.2040151 0.08176614 0.1030489 0.05506558 0.073575 0.07266686 0.1529856 
0.2323388 0.0711426 0.1571477 0.0665751 0.0592442 0.153928 0.112026 0.0537516 0.09384593 
0.1004834 0.06010933 0.1780451 0.1584577 0.04503237 0.1884869 0.08804343 0.08351522 0.0978266 
0.09257073 0.08138164 0.0703049 0.1249641 0.1940106 0.08000241 0.1065406 0.1862425 0.06398248 
0.0830121 0.08390424 0.08443856 0.06916672 0.1974599 0.1896461 0.1047887 0.1306593 0.05692442 
0.07098339 0.1890785 0.09353981 0.05244086 0.07820715 0.1116772 0.09665227 0.1873101 0.1201107 
0.0872374 0.08069528 0.107936 0.06092949 0.04605071 0.1698403 0.04827091 0.2509088 0.1481311 
0.1913706 0.06956731 0.1265544 0.1646091 0.0933285 0.08836734 0.1011916 0.08619959 0.07881143 
0.07266404 0.06926419 0.05430278 0.06786421 0.1587775 0.09485081 0.2241868 0.1322277 0.125862 
0.04782132 0.1242946 0.1447144 0.162513 0.1072388 0.06517234 0.05349792 0.2233124 0.07143524 
0.08910884 0.1584678 0.2427016 0.1172111 0.06771972 0.0789929 0.05511032 0.1409786 0.04970899 
0.08163464 0.1084818 0.04478659 0.1650718 0.2205793 0.04953262 0.1039056 0.09075153 0.1352561 
0.08972403 0.1294259 0.0937797 0.2065639 0.05885943 0.1865858 0.0878736 0.07831169 0.06887594 
0.1360088 0.06847523 0.07527564 0.1855512 0.1294097 0.1807845 0.0772556 0.07931684 0.06792255 
0.08912437 0.07635734 0.04214184 0.1795548 0.1484839 0.2249235 0.0567523 0.09864589 0.08401605 
0.0726982 0.04979572 0.1695076 0.0698097 0.05140896 0.2306511 0.1447322 0.08600282 0.1253936 
0.08649981 0.2257674 0.05627632 0.04538965 0.1624638 0.0971562 0.1099091 0.1624239 0.05411386 
0.2631449 0.08023626 0.05365839 0.07186949 0.07099569 0.1832827 0.1668672 0.0473269 0.06261845 
0.07846841 0.1126672 0.1395675 0.2349037 0.07330095 0.1784839 0.05891488 0.04922701 0.07446647 
0.08317577 0.1411706 0.08258755 0.07390941 0.05464375 0.06100441 0.2251304 0.135927 0.142451 
0.1744491 0.09525375 0.07933278 0.1334721 0.1013573 0.06486153 0.1237284 0.04838431 0.1791606 
0.1659154 0.08712138 0.05866177 0.1240529 0.1117299 0.1183439 0.1227716 0.03154848 0.1798547 
0.1438473 0.1330285 0.07570497 0.0639827 0.1172725 0.08877894 0.1806886 0.0949156 0.1017808 
0.05993525 0.06337625 0.2153899 0.09327937 0.1074266 0.1190536 0.1655265 0.08403472 0.09197785 
0.07080172 0.06756407 0.2053593 0.1491702 0.07292068 0.0580373 0.1227063 0.1107367 0.1427037 
0.06295173 0.05321551 0.178856 0.1361018 0.1018255 0.196478 0.07412921 0.07882343 0.1176189 
0.1542052 0.06989876 0.1052492 0.1055343 0.2175801 0.06213205 0.138409 0.07636157 0.07062993 
0.1610815 0.08195609 0.0892634 0.1840117 0.09051559 0.08185059 0.1336341 0.04564836 0.1320387 
0.09408271 0.1064296 0.1324663 0.05192156 0.2347832 0.1189196 0.1580179 0.05108144 0.05229778 
0.08102117 0.08367589 0.1155432 0.08207252 0.2127434 0.06164945 0.08495014 0.1980235 0.08032069 
0.03543888 0.08823191 0.11212 0.09810169 0.202225 0.07099295 0.1668851 0.08314325 0.1428613 
0.1794593 0.06890194 0.05565497 0.1006986 0.09491062 0.07497684 0.2043188 0.1437859 0.07729311 
0.1851708 0.09550819 0.2200022 0.07009827 0.07844786 0.09515418 0.05403564 0.06352729 0.1380555 
0.05828078 0.07368017 0.07315493 0.1911453 0.1883096 0.09436583 0.07318964 0.1000464 0.1478274 
0.1006842 0.05289084 0.2091903 0.046392 0.1943296 0.0665067 0.08439453 0.08461167 0.1610002 
0.2159149 0.05689247 0.10083 0.06483906 0.2273381 0.131768 0.0794172 0.05760467 0.06539558 
0.0770128 0.05754839 0.08577269 0.06985455 0.2307125 0.1375508 0.1834755 0.08920456 0.0688682 
0.09272719 0.07419192 0.06415764 0.09014882 0.2182306 0.1374877 0.07228311 0.06048746 0.1902856 
0.09024273 0.08648729 0.04876916 0.1389005 0.06859566 0.1862675 0.06721156 0.1134032 0.2001224 
0.04896589 0.08309557 0.1969932 0.07158994 0.07669962 0.09478094 0.09973822 0.1871626 0.140974 
0.06553517 0.1217697 0.09570467 0.08059213 0.1939968 0.06000166 0.08975541 0.1175797 0.1750647 
0.1431071 0.1340672 0.05956258 0.07063205 0.1010839 0.08634441 0.1330323 0.09187253 0.1802979 
0.2213656 0.1623929 0.1071242 0.06290769 0.1396193 0.1155285 0.05771419 0.0836941 0.04965342 
0.2525771 0.1177142 0.09022914 0.07657577 0.05802375 0.053582 0.06130478 0.09230976 0.1976835 
0.07271593 0.1264705 0.06721584 0.07011759 0.07111999 0.2361424 0.06521557 0.1294597 0.1615424 
0.1092527 0.1561891 0.07613208 0.2008378 0.1285203 0.09491755 0.0810558 0.06293435 0.09016038 
0.09678388 0.1429281 0.0624205 0.1386455 0.1982365 0.07780539 0.070855 0.1571048 0.05522033 
0.1051353 0.1500857 0.08091197 0.1063871 0.1688899 0.112525 0.1287715 0.04069112 0.1066023 
0.03305015 0.06857529 0.1130971 0.1111949 0.1963905 0.1608104 0.07686003 0.09397469 0.1460469 
0.1013588 0.07818935 0.179321 0.07257528 0.09816883 0.158666 0.08598011 0.06688461 0.158856 
0.1569114 0.0728105 0.09177285 0.2127412 0.07310838 0.09488879 0.1386037 0.1153166 0.04384661 
0.2207728 0.04399786 0.1156737 0.1624895 0.1388172 0.09670207 0.06627161 0.1031067 0.05216852 
0.172589 0.09558378 0.06637139 0.09403735 0.1221789 0.1793824 0.07450728 0.08337134 0.1119786 
0.09514401 0.2086272 0.04009231 0.1019261 0.1953996 0.1258718 0.08770102 0.07462839 0.07060956 
0.0672298 0.1615643 0.1614323 0.05290155 0.1840526 0.06261925 0.07277715 0.1299355 0.1074876 
0.04411708 0.20347 0.1331788 0.08639168 0.1445513 0.1586414 0.08646475 0.06287174 0.08031316 
0.07905568 0.05380324 0.1320188 0.1742373 0.08023533 0.1380369 0.1749758 0.08752583 0.08011117 
0.1930172 0.07519067 0.1236517 0.0743489 0.1045515 0.1305721 0.1682105 0.0673146 0.06314292 
0.2018526 0.09097741 0.1728152 0.1319675 0.1111445 0.04318407 0.04998822 0.1084104 0.08966014 
0.216292 0.0922912 0.1518637 0.1497591 0.08388985 0.1189933 0.07054649 0.06019121 0.05617313 
0.08042546 0.1068665 0.1892286 0.1314964 0.04594538 0.0719636 0.0837893 0.1919576 0.09832719 
0.04218064 0.1267628 0.1442996 0.0878858 0.1564269 0.09366091 0.08429759 0.06694303 0.1975427 
0.1090468 0.08401182 0.05584557 0.1309605 0.1393761 0.1197813 0.2471656 0.05007459 0.0637378 
0.06070547 0.1364255 0.1371201 0.05726721 0.1802635 0.08482915 0.08926022 0.2024071 0.05172177 
0.1235544 0.0427773 0.1727939 0.1159379 0.06308963 0.08067386 0.09836127 0.07254379 0.2302679 
0.2294185 0.1442284 0.04978662 0.03480478 0.08607786 0.160294 0.0892346 0.1459236 0.06023159 
0.2496123 0.06110464 0.07898395 0.1531684 0.1115249 0.0683193 0.1282027 0.05577728 0.09330661 
0.06834101 0.06328724 0.2608259 0.1772701 0.0804822 0.1107419 0.09699277 0.05943887 0.08262006 
0.1444092 0.2194348 0.1077297 0.1716499 0.09426745 0.04550643 0.08411314 0.08008484 0.05280455 
0.08346001 0.06221063 0.1250721 0.2134161 0.09141682 0.1874615 0.05672087 0.07290806 0.107334 
0.0678647 0.1341012 0.1100685 0.1692681 0.1106358 0.05991789 0.2543496 0.04336329 0.05043078 
0.0730322 0.1415745 0.06423464 0.0598885 0.1396085 0.04425484 0.1252935 0.2716908 0.08042258 
0.07387864 0.2043115 0.1162144 0.1648122 0.07942899 0.07699589 0.1449619 0.07934203 0.06005443 
0.0826216 0.08439544 0.2029902 0.1727474 0.08430068 0.1118646 0.06900609 0.05654195 0.1355321 
0.08436854 0.08321706 0.1736107 0.2317249 0.07127283 0.05643763 0.1599896 0.08185398 0.05752478 
0.2162197 0.06281133 0.05792058 0.09916345 0.07137888 0.1393506 0.08519631 0.08227783 0.1856814 
0.07216618 0.1862224 0.06086895 0.08011367 0.1216013 0.2189224 0.07605996 0.09120637 0.09283873 
0.1111513 0.06199816 0.06661051 0.04611219 0.2649983 0.1192266 0.1007291 0.1666681 0.06250576 
0.1185634 0.04309079 0.193087 0.08226167 0.09871526 0.06205753 0.06596766 0.1120954 0.2241614 
0.08665122 0.1018185 0.2519778 0.1917699 0.0464464 0.06312216 0.07283042 0.1146151 0.07076846 
0.06093852 0.08232009 0.07091536 0.1184714 0.1373215 0.2062554 0.1033807 0.05808084 0.1623163 
0.09707885 0.196614 0.04508693 0.07533781 0.1438074 0.09507689 0.1325884 0.1501263 0.0642835 
0.1525341 0.1598662 0.06940205 0.04528553 0.1160987 0.105605 0.1866284 0.109836 0.05474404 
0.09361714 0.08870281 0.1765098 0.08834764 0.07108246 0.16635 0.1002864 0.07481953 0.1402843 
0.1969457 0.09389671 0.09512507 0.06899541 0.07316206 0.0711361 0.1792939 0.08669331 0.1347518 
0.07970155 0.07595782 0.07402626 0.06817193 0.1226948 0.07970828 0.117611 0.1779201 0.2042082 
0.05835759 0.09840766 0.1959736 0.07047506 0.06212715 0.09676156 0.08928834 0.1345881 0.194021 
0.07872846 0.04852431 0.08219979 0.08523552 0.1027983 0.0734501 0.196037 0.1270274 0.205999 
0.09175122 0.0843804 0.08116331 0.2236653 0.1498966 0.05258777 0.1720754 0.07952868 0.06495133 
0.1214703 0.07745003 0.07761698 0.199404 0.1302263 0.0765378 0.09539258 0.1713569 0.05054495 
0.07936764 0.1343228 0.08719735 0.0559674 0.1577656 0.1929074 0.07566721 0.1352825 0.0815221 
0.06063807 0.04326689 0.1618544 0.09395859 0.06371065 0.08953911 0.1281924 0.2176394 0.1412005 
0.2188185 0.07846548 0.07858192 0.05840058 0.1284194 0.1572701 0.1505778 0.06479043 0.06467586 
0.1487941 0.07948893 0.07722982 0.08063367 0.1327299 0.03557738 0.1408852 0.08712197 0.2175389 
0.1580905 0.06899764 0.09914469 0.07082711 0.07416077 0.07672491 0.2155846 0.1468408 0.089629 
0.08694098 0.05542525 0.08680259 0.09625474 0.1928584 0.1019162 0.1224833 0.0615079 0.1958106 
0.2297518 0.07098324 0.08000852 0.07099149 0.06645938 0.08681625 0.0325507 0.2054315 0.1570072 
0.1281174 0.06691919 0.1103089 0.07869495 0.2106218 0.1964221 0.06627768 0.07087482 0.07176316 
0.08883838 0.05141745 0.07253047 0.07271431 0.2198009 0.1308447 0.2107806 0.08646349 0.06660967 
0.07559491 0.07893091 0.1826017 0.06313354 0.1425153 0.2138986 0.0762241 0.0960722 0.07102873 
0.1238439 0.08545715 0.07465753 0.06133534 0.1951515 0.2238334 0.06330256 0.08201487 0.09040375 
0.08842395 0.07693932 0.1873445 0.1431946 0.08818077 0.07360331 0.0698595 0.06795389 0.2045001 
0.07628874 0.1174995 0.1342236 0.1038941 0.0917068 0.03710913 0.121832 0.2151913 0.1022548 
0.09858868 0.08308859 0.1354857 0.09164763 0.1835518 0.08050213 0.07855401 0.1915087 0.05707281 
0.09443382 0.07050904 0.08949233 0.1392129 0.07567017 0.06890086 0.2220969 0.196417 0.04326688 
0.0672026 0.1482655 0.08316202 0.08252675 0.1767373 0.08561541 0.08943095 0.07318065 0.1938788 
0.09670869 0.06759316 0.0910163 0.2083214 0.09800373 0.1450141 0.09632582 0.1380588 0.058958 
0.1263349 0.1199153 0.08914364 0.1275217 0.1910842 0.1273585 0.06128123 0.0895117 0.06784891 
0.05814805 0.1847011 0.1885825 0.1300802 0.08932521 0.08278444 0.09108527 0.08727456 0.08801871 
0.08011949 0.0399447 0.1525835 0.2045538 0.07053655 0.1804066 0.07222816 0.0884819 0.1111453 
0.1514774 0.09852866 0.04951528 0.075112 0.1048229 0.2178539 0.08749328 0.1241674 0.09102919 
0.05189675 0.1167104 0.06700595 0.07186118 0.09611727 0.2006446 0.2200854 0.09707008 0.07860837 
0.2090517 0.07239359 0.08983195 0.06748305 0.1977431 0.115888 0.1039046 0.06800309 0.07570088 
0.1887243 0.2099874 0.05554405 0.07998836 0.04876976 0.1319716 0.1023314 0.1055485 0.07713475 
0.1037239 0.1038371 0.07552026 0.1378604 0.1470126 0.07032871 0.07933571 0.05970273 0.2226785 
0.2025731 0.1168293 0.1184536 0.06463658 0.05815488 0.0947162 0.0929623 0.1689528 0.0827212 
0.06990104 0.08121616 0.09641136 0.1219189 0.09909107 0.09417907 0.03391736 0.2265586 0.1768064 
0.1841234 0.0672161 0.1408176 0.1502131 0.08785494 0.1056942 0.07909583 0.1141732 0.07081171 
0.1373799 0.05930649 0.06714711 0.07490673 0.1824078 0.1544906 0.07998438 0.1368471 0.1075298 
0.06255439 0.1128811 0.08085371 0.1211362 0.07198333 0.191048 0.2148175 0.07568548 0.06904027 
0.08925438 0.2338266 0.1022214 0.1411806 0.0756454 0.1816072 0.06456084 0.06556436 0.04613914 
0.1006197 0.1052366 0.1309596 0.05508694 0.05759398 0.08674413 0.2197008 0.1661474 0.07791091 
0.1012754 0.1074951 0.06179744 0.1560516 0.1834989 0.0827766 0.127653 0.07084738 0.1086045 
0.185728 0.06780402 0.04918835 0.07942508 0.08404239 0.1257453 0.2073995 0.1413375 0.05932976 
0.07315731 0.2350949 0.04781954 0.06978777 0.2524582 0.05707119 0.09761036 0.1164063 0.05059445 
0.2109685 0.05621074 0.2305578 0.09450577 0.06270272 0.07337525 0.05068435 0.1313723 0.08962252 
0.2211284 0.06485511 0.1879356 0.05825736 0.1478494 0.06440282 0.08483103 0.09594385 0.07479637 
0.2307256 0.06104095 0.1365534 0.1677492 0.05322286 0.05643634 0.08922751 0.07283798 0.1322061 
0.09181349 0.08649802 0.1306493 0.08176612 0.1518627 0.1478472 0.06468055 0.1672193 0.07766339 
0.1537676 0.07268704 0.0708288 0.1205057 0.08125898 0.1501936 0.1903996 0.08691883 0.07343985 
0.1370005 0.1282669 0.1555422 0.2002657 0.08922682 0.06934519 0.06374655 0.07726168 0.07934436 
0.2037388 0.0683323 0.1365927 0.09735127 0.05717582 0.06823259 0.0668639 0.1465673 0.1551454 
0.07041916 0.05173457 0.1173559 0.07594288 0.06732509 0.1728844 0.08944971 0.1531443 0.201744 
0.1611736 0.07545358 0.1526082 0.0706159 0.05954956 0.1255008 0.2109858 0.07719011 0.06692237 
0.06630536 0.1242738 0.05180804 0.2333514 0.08928174 0.1345401 0.07581203 0.09534064 0.1292869 
0.1625973 0.1137183 0.09820001 0.1891237 0.1256395 0.07462063 0.05936377 0.0797808 0.09695594 
0.1643567 0.09199737 0.1071943 0.1482266 0.1045005 0.09776545 0.08126923 0.1390345 0.06565532 
0.05364861 0.1706839 0.1829149 0.07628572 0.1300324 0.127828 0.07984382 0.09352688 0.08523588 
0.06480879 0.1005192 0.1442705 0.0835966 0.1455967 0.1353016 0.1904412 0.03616578 0.09929963 
0.07989407 0.112828 0.0380592 0.2010322 0.08450061 0.08474235 0.190036 0.06562384 0.1432837 
0.2034006 0.09030452 0.1383136 0.08504732 0.08430261 0.05811746 0.0515333 0.1909082 0.09807248 
0.05864994 0.209022 0.06008112 0.07344006 0.1051077 0.08429639 0.1006807 0.1709552 0.1377668 
0.1874117 0.1650245 0.07611534 0.1383425 0.1066513 0.06719058 0.09473756 0.07856143 0.08596513 
0.09317896 0.06900613 0.09205646 0.1229811 0.1476267 0.1067587 0.2110646 0.0477536 0.1095738 
0.06580977 0.03189762 0.08925681 0.08793375 0.1526961 0.2135509 0.09870468 0.1221557 0.1379947 
0.2151522 0.0996001 0.1556076 0.08786152 0.08914219 0.07885587 0.1468002 0.06727766 0.05970266 
0.127162 0.0858133 0.1436042 0.05482079 0.08131343 0.05907204 0.2230434 0.04927848 0.1758924 
0.1393043 0.1839905 0.07536782 0.0713485 0.07285718 0.07532224 0.1366001 0.09083413 0.1543753 
0.08010323 0.109325 0.1411576 0.05835043 0.07130782 0.08209084 0.1927697 0.133105 0.1317904 
0.05734091 0.1709142 0.1417877 0.2055097 0.0613703 0.07390291 0.07614177 0.09535004 0.1176825 
0.1801723 0.07526199 0.05956503 0.1880078 0.1328289 0.09408556 0.0832585 0.0941002 0.09271977 
0.06973264 0.1627983 0.05596543 0.08991715 0.1549711 0.07975123 0.2378371 0.05013354 0.09889358 
0.09027249 0.1853065 0.03719962 0.0838954 0.2186038 0.13604 0.05164384 0.1014054 0.09533699 0.0002959385 
0.1164556 0.09224423 0.1104151 0.05112466 0.06874898 0.07271155 0.1804331 0.09679642 0.003162775 0.2079076 
0.1744171 0.07734586 0.09444981 0.1686017 0.00363842 0.07654736 0.111542 0.1073767 0.06045677 0.1256244 
0.08563476 0.0003254889 0.09717438 0.13721 0.1111559 0.08833524 0.1954513 0.07571868 0.1447481 0.06424624 
0.07729832 0.05942611 0.1409252 0.05503962 0.1299263 0.08248516 0.206292 0.001209397 0.1621684 0.08522941 
0.06203873 0.08458739 0.1011092 0.06376775 0.008704736 0.07891347 0.1555422 0.1556111 0.1327821 0.1569433 
0.1395813 0.1852166 0.1313242 0.08687556 0.09884453 0.04727056 0.07412022 0.0860464 0.01532929 0.1353913 
0.07097134 0.1587761 0.1154856 0.05916342 0.03116735 0.132794 0.07355029 0.07791405 0.0897828 0.1903951 
0.08414031 0.05835028 0.05644056 0.2090822 0.1837553 0.07079426 0.08549606 0.08882971 0.01760246 0.1455088 
0.06276586 0.05790041 0.09432792 0.1634495 0.2432512 0.1186867 0.01021492 0.05745436 0.1384983 0.05345091 
0.1295712 0.06510354 0.1132245 0.0857734 0.09889498 0.07436541 0.004735743 0.08157508 0.1989982 0.1477579 
0.06750232 0.1002819 0.001358751 0.07247854 0.1637013 0.07465671 0.1367357 0.09260732 0.1446385 0.146039 
0.1820215 0.06346316 0.08692942 0.1210951 0.2037108 0.07634662 0.002014979 0.07568716 0.1222508 0.06648045 
0.06142579 0.07794032 0.1923396 0.1777147 0.09931246 0.1144341 0.007449684 0.08917133 0.0525422 0.1276698 
0.07367987 0.04518486 0.1337058 0.08959903 0.1069692 0.1709139 0.003117306 0.1099903 0.1983299 0.06850978 
0.2140217 0.1443383 0.1220733 0.09652882 0.1288753 0.0001026433 0.0905323 0.05166047 0.07914056 0.07272654 
0.206757 0.06434629 0.05179555 0.003000159 0.1038151 0.1233849 0.1312963 0.09740585 0.04460225 0.1735966 
0.06917449 0.05035064 0.1184804 0.003790782 0.07586796 0.1129183 0.074054 0.08354105 0.2066171 0.2052053 
0.07018121 0.09516833 0.1051355 0.001141912 0.1313161 0.06178501 0.194723 0.06729992 0.1744701 0.09877885 
0.09385539 0.246796 0.08616598 0.06555901 0.1769872 0.05143597 0.09311526 0.0474331 0.1386521 
0.07084418 0.08789403 0.2333742 0.06536277 0.05337658 0.1462533 0.1772603 0.1052682 0.06036646 
0.09280703 0.07092115 0.2239903 0.06145942 0.07054971 0.06352411 0.1556764 0.1368226 0.1242493 
0.05482114 0.1325534 0.1934022 0.03607591 0.05711553 0.09464233 0.09651334 0.1073347 0.2275414 
0.07567864 0.1815489 0.1511304 0.1174221 0.09579833 0.06039469 0.08718216 0.06586643 0.1649785 
0.1754062 0.1013975 0.09113308 0.0629036 0.1194549 0.03862288 0.1860488 0.1425773 0.0824557 
0.0918158 0.09036336 0.1621901 0.1768208 0.07563651 0.06431417 0.1781018 0.06343112 0.09732633 
0.07541674 0.0958326 0.1097177 0.2149292 0.08359352 0.1281399 0.1471088 0.06352494 0.08173652 
0.1498341 0.04053928 0.2167933 0.1646589 0.1142051 0.07478146 0.07782546 0.06590063 0.09546176 
0.09235039 0.2233621 0.1551754 0.1560144 0.06208725 0.05485479 0.1131988 0.06309239 0.07986441 
0.1306451 0.09753856 0.0740557 0.1605917 0.04908731 0.05565073 0.1160509 0.2155328 0.1008473 
0.05399236 0.1458325 0.1536847 0.09155838 0.05128304 0.1508743 0.07816239 0.2073727 0.06723959 
0.09415232 0.236441 0.1067791 0.06344691 0.1753628 0.06730584 0.05902749 0.1415885 0.05589604 
0.06263229 0.287131 0.09214687 0.06052659 0.1541184 0.04732991 0.1679794 0.0770582 0.05107743 
0.09607198 0.09042517 0.04895232 0.04657482 0.2794496 0.1520509 0.0778602 0.1571932 0.05142188 
0.0516178 0.06476783 0.09181828 0.07598846 0.1758959 0.2351615 0.09371985 0.1468949 0.06413551 
0.04998846 0.09646116 0.08486439 0.1194971 0.1255002 0.07672092 0.1787029 0.05036219 0.2179026 
0.06124899 0.1058972 0.07485973 0.1385427 0.2114167 0.1278576 0.063871 0.06678161 0.1495245 
0.1470444 0.07433836 0.08150912 0.04834666 0.09210654 0.1521131 0.1966344 0.1328957 0.07501176 
0.190343 0.1669656 0.06857811 0.09643714 0.1347474 0.0378874 0.1346622 0.08984509 0.08053408 
0.2212281 0.1302904 0.1105082 0.1098835 0.05390268 0.07987606 0.1819566 0.04776465 0.06458984 
0.05306018 0.2512079 0.06678646 0.0546444 0.1390099 0.06908254 0.134237 0.1644717 0.06749996 
0.141906 0.2164796 0.07317063 0.1913941 0.08189937 0.08056893 0.05923098 0.05561286 0.09973756 
0.1268568 0.1375789 0.05184461 0.07124259 0.04631981 0.1034421 0.06317044 0.2360106 0.1635341 
0.1435529 0.0557501 0.0786153 0.06850071 0.1034944 0.1610594 0.2239969 0.09743904 0.06759125 
0.1546801 0.07947017 0.1408983 0.1471628 0.08881518 0.05879368 0.06706595 0.06333239 0.1997814 
0.06591025 0.04961053 0.07848312 0.1015144 0.1301069 0.1747703 0.1485606 0.1834491 0.06759476 
0.06153203 0.150218 0.09121522 0.1516146 0.1460676 0.08038616 0.0699975 0.2023574 0.04661137 
0.09515429 0.2353803 0.05305228 0.1321175 0.04287248 0.1482749 0.1264325 0.07654931 0.09016652 
0.09628844 0.1914594 0.07454204 0.1986036 0.08204142 0.07899315 0.1496101 0.05270401 0.07575787 
0.09429001 0.2091043 0.2096645 0.0653651 0.09074264 0.04769314 0.08483488 0.1094248 0.08888072 
0.09199767 0.08324794 0.07563056 0.1424973 0.2332008 0.05927175 0.05703219 0.08965583 0.167466 
0.2295186 0.0839389 0.127249 0.06959992 0.09056002 0.08662438 0.1629194 0.06488258 0.08470725 
0.08041122 0.1779636 0.1387159 0.2005277 0.1139105 0.08446891 0.07950908 0.07703634 0.04745673 
0.08170035 0.06748186 0.1300537 0.1313781 0.1206837 0.08663536 0.1486235 0.1873875 0.04605584 
0.1477255 0.1176914 0.02974695 0.2694367 0.0685652 0.1109618 0.08610287 0.1186604 0.0511092 
0.2600932 0.1684573 0.1006885 0.1470913 0.05587078 0.05334086 0.04312566 0.1071354 0.06419702 
0.124101 0.06377352 0.1823535 0.07319222 0.1574397 0.07941772 0.09433967 0.1491272 0.07625542 
0.0885911 0.06301633 0.07267613 0.1711283 0.1493844 0.1762938 0.1438131 0.06917832 0.06591848 
0.2120017 0.1482421 0.1481007 0.08186327 0.05837955 0.0466717 0.1322321 0.1008101 0.07169885 
0.06840908 0.1346112 0.1336944 0.1686738 0.08649776 0.2208671 0.06386905 0.06268091 0.06069672 
0.0708256 0.2059067 0.09012882 0.0816223 0.08271372 0.1124633 0.1252766 0.1502768 0.0807861 
0.07499756 0.1503539 0.05099792 0.139582 0.09751891 0.08030511 0.07348877 0.2047109 0.1280449 
0.2409095 0.1955843 0.03395968 0.0982616 0.08593186 0.08132152 0.1446774 0.06519872 0.0541555 
0.1769801 0.2280318 0.04652296 0.09303513 0.1113174 0.09073135 0.1430488 0.06261743 0.04771502 
0.1743853 0.08153844 0.06901483 0.07537264 0.05165002 0.1032988 0.2162533 0.1341798 0.09430678 
0.06506294 0.06582767 0.1004142 0.08346528 0.1537491 0.1006116 0.217736 0.1339634 0.07916974 
0.04307006 0.08792825 0.09566548 0.08824383 0.1372482 0.1254947 0.1572759 0.204745 0.06032846 
0.08776595 0.05134255 0.1395604 0.06985784 0.1634354 0.1258368 0.07826884 0.1981134 0.08581885 
0.0698412 0.1932684 0.08731712 0.1676987 0.0666521 0.09867768 0.1119245 0.1272805 0.0773398 
0.08271297 0.08676927 0.05617743 0.1306215 0.07624211 0.1513176 0.1413376 0.06846181 0.2063597 
0.07644636 0.107643 0.1057224 0.1497471 0.1116093 0.1535303 0.05825434 0.08601921 0.1510281 
0.1975237 0.1211188 0.150318 0.07667996 0.1371833 0.08986228 0.07924343 0.05854257 0.08952791 
0.1950317 0.05682018 0.05313688 0.1783042 0.1118881 0.1388461 0.08420981 0.08912156 0.09264151 
0.1307031 0.05263938 0.199114 0.1674143 0.09478947 0.06725532 0.09136451 0.1384758 0.05824411 
0.05041746 0.07172218 0.2006444 0.05688187 0.07539192 0.1004607 0.145623 0.2201089 0.07874959 
0.0652865 0.1945817 0.06851062 0.116539 0.08040367 0.19784 0.1322049 0.08426289 0.06037078 
0.1229877 0.1838359 0.07094108 0.2456208 0.04876451 0.05621782 0.08536673 0.06772347 0.1185419 
0.04352263 0.1564363 0.061775 0.12044 0.07488209 0.1853861 0.05132531 0.0754765 0.2307561 
0.1190918 0.06444798 0.07705328 0.06131034 0.08779582 0.07384424 0.1447337 0.1536485 0.2180744 
0.07423962 0.08615707 0.06914008 0.1917285 0.1358519 0.1927096 0.08592234 0.06819629 0.09605456 
0.06346768 0.174471 0.09716734 0.1412895 0.08705343 0.06572691 0.07915427 0.072025 0.2196449 
0.07400016 0.1929649 0.1416136 0.05653482 0.1068019 0.06890228 0.08058114 0.06087787 0.2177232 
0.06989867 0.1690256 0.1032162 0.2210397 0.07019554 0.1348137 0.05944349 0.1154176 0.05694948 
0.1586839 0.04959359 0.08138142 0.1615692 0.2072841 0.07020864 0.105499 0.1144126 0.05136763 
0.05677281 0.07478841 0.1657541 0.1989027 0.108688 0.1495606 0.07376261 0.06259149 0.1091793 
0.2112377 0.07591963 0.1609094 0.1358444 0.1262744 0.07207656 0.08106022 0.06582499 0.07085277 
0.09232824 0.1951175 0.2010955 0.1007981 0.05590181 0.0870252 0.07613865 0.1366548 0.05494016 
0.176476 0.09658922 0.06852939 0.2034826 0.09147974 0.08242046 0.1082167 0.1307219 0.042084 
0.121927 0.08250535 0.1947441 0.0630447 0.0704592 0.04394654 0.1042079 0.1398068 0.1793584 
0.09352403 0.03459929 0.1824594 0.1474571 0.07767313 0.2071031 0.08928166 0.07679003 0.09111233 
0.1005884 0.07059959 0.1647236 0.1235852 0.0709922 0.191356 0.06102548 0.1180344 0.09909506 
0.1688967 0.06095604 0.1384223 0.08701464 0.09406975 0.2036442 0.05495488 0.1060669 0.0859745 
0.1214673 0.07518574 0.2102058 0.09198113 0.1466876 0.06525125 0.06852952 0.1476689 0.07302273 
0.05556409 0.1367806 0.1976535 0.07800434 0.1632005 0.0656574 0.07543826 0.08919822 0.1385031 
0.07474232 0.07648906 0.07528453 0.1828749 0.08991132 0.1311936 0.08588351 0.1503751 0.1332456 
0.0763122 0.09677655 0.1219985 0.1771661 0.17107 0.07141319 0.1462625 0.0631185 0.07588241 
0.08144706 0.07215069 0.1031209 0.1094156 0.06135593 0.1771578 0.1035909 0.1712092 0.120552 
0.1486504 0.1727242 0.08972639 0.1073088 0.0629941 0.1925132 0.0775926 0.05870655 0.08978387 
0.05110449 0.06742896 0.09157445 0.1417147 0.09549529 0.1948042 0.1671828 0.09748296 0.09321227 
0.07282463 0.0538489 0.1015378 0.1556753 0.1324661 0.1210949 0.07701464 0.0901087 0.195429 
0.07171217 0.06366785 0.1821353 0.1034782 0.1476575 0.08370145 0.07842405 0.1779866 0.09123687 
0.09875704 0.06807847 0.1850735 0.1204369 0.1434621 0.06089343 0.1906962 0.07202896 0.06057334 
0.1148373 0.1787342 0.08264057 0.100505 0.05810596 0.07735416 0.1892217 0.06325721 0.1353439 
0.2008329 0.07823694 0.07718345 0.08633399 0.07924118 0.192992 0.06190236 0.09597341 0.1273039 
0.2121156 0.09229181 0.1001198 0.06397956 0.1659664 0.0986041 0.07964326 0.05974901 0.1275305 
0.1630461 0.08247125 0.06652402 0.1460244 0.08077423 0.1362489 0.07442459 0.1026603 0.1478262 
0.06447556 0.09618361 0.1354523 0.103428 0.1990365 0.09843317 0.08129609 0.04560068 0.176094 
0.1528512 0.1190548 0.07337088 0.21687 0.1253769 0.04654184 0.09958123 0.08097266 0.08538048 
0.1114936 0.2174174 0.06993217 0.06448983 0.1022941 0.1287078 0.1602577 0.08028405 0.06512337 
0.1388777 0.07961396 0.07315902 0.1415798 0.08771871 0.07835907 0.06116052 0.1258326 0.2136986 
0.1236001 0.06552174 0.06551897 0.05765985 0.1316054 0.157588 0.1488256 0.1696939 0.07998645 
0.06642358 0.149637 0.05624193 0.08329465 0.1188563 0.1548684 0.145675 0.138903 0.08610024 
0.08254374 0.157586 0.1391543 0.07052284 0.1222554 0.09652658 0.1871636 0.05096887 0.09327857 
0.1440924 0.1189179 0.1263557 0.05210241 0.08185552 0.1606617 0.1903598 0.05952117 0.06613334 
0.1160692 0.0687165 0.08157031 0.07609452 0.06859922 0.1559452 0.158653 0.07954123 0.1948108 
0.0793339 0.1218423 0.1393468 0.06875418 0.04954725 0.1610016 0.06283799 0.08433704 0.2329989 
0.09247698 0.2006857 0.1261097 0.07623462 0.05722183 0.1646692 0.1294156 0.06176699 0.09141929 
0.09927574 0.1825347 0.0970361 0.1359766 0.08327846 0.1750729 0.0448092 0.07631546 0.1057009 
0.1132384 0.08524475 0.177325 0.1398899 0.100964 0.04489691 0.06439445 0.2039276 0.07011915 
0.1266921 0.1315622 0.2035407 0.06908415 0.06965554 0.09327352 0.03227692 0.1615864 0.1123285 
0.1399406 0.05791042 0.1719199 0.150352 0.06983463 0.06572701 0.2201058 0.06498797 0.05922161 
0.06795284 0.05142714 0.09032583 0.137091 0.1542819 0.1178714 0.06437368 0.2114394 0.1052368 
0.0711816 0.05615141 0.1287083 0.1434126 0.1642125 0.07637302 0.08231987 0.05671274 0.220928 
0.06335879 0.09268667 0.07142632 0.1122765 0.1676061 0.08060226 0.2023602 0.06724377 0.1424394 
0.1386778 0.08568341 0.2170931 0.09011971 0.138472 0.04972406 0.0606852 0.07852039 0.1410244 
0.08976754 0.1306208 0.07885018 0.1152666 0.07123721 0.208473 0.06568873 0.05036755 0.1897284 
0.09326853 0.1800112 0.07606487 0.1962487 0.1449907 0.1175063 0.08865412 0.06946805 0.03378765 
0.07536145 0.1504272 0.08986067 0.04168343 0.1433952 0.07838965 0.0687637 0.132834 0.2192846 
0.1101282 0.1636115 0.07047478 0.1396422 0.2106478 0.07570957 0.09159485 0.0618313 0.0763599 
0.1907547 0.1200727 0.07223926 0.06596078 0.1879283 0.08386423 0.03551844 0.09427949 0.1493821 
0.08634112 0.1133789 0.1310927 0.09164348 0.1617254 0.08896142 0.1018942 0.04238108 0.1825817 
0.1238631 0.1094568 0.04457141 0.1965131 0.08440344 0.2011528 0.08708013 0.09023705 0.06272212 
0.09573736 0.07394452 0.09478968 0.1344842 0.1600347 0.05707369 0.1170337 0.08743078 0.1794713 
0.1592583 0.08407804 0.08559215 0.1443191 0.09671221 0.09903195 0.08856804 0.1817987 0.0606416 
0.1685913 0.102745 0.08202888 0.138366 0.08120857 0.09237071 0.07575276 0.1200713 0.1388656 
0.04398577 0.08254983 0.2427069 0.07386658 0.06664461 0.1038553 0.1645803 0.07129835 0.1505124 
0.07951551 0.2253635 0.07571866 0.187868 0.05233174 0.07218339 0.1295113 0.0802659 0.097242 
0.1790716 0.06337741 0.1182493 0.08774563 0.1645689 0.05396909 0.112474 0.08400712 0.1365369 
0.0663735 0.08115932 0.08354384 0.2084361 0.06060019 0.2082431 0.07701885 0.08279712 0.131828 
0.1242985 0.1798796 0.2167955 0.05738935 0.08762203 0.1598848 0.04789466 0.05622512 0.07001044 
0.19041 0.0817254 0.09557699 0.09616298 0.1713252 0.06650292 0.07697051 0.1398476 0.08147838 
0.105311 0.1339633 0.0681919 0.1056922 0.189712 0.1023801 0.04988069 0.07599939 0.1688694 
0.1018932 0.1077468 0.07977713 0.1420232 0.08735567 0.1686714 0.05288494 0.08252308 0.1771245 
0.1334456 0.09836788 0.1677843 0.07684398 0.09769869 0.05337797 0.1027832 0.1037973 0.1659011 
0.1756791 0.06565447 0.08574235 0.2312056 0.07426837 0.1014293 0.07268044 0.06204315 0.1312972 
0.108322 0.06174858 0.1106082 0.2011877 0.03799318 0.07278835 0.06793884 0.164119 0.1752941 
0.1032759 0.1340029 0.09374048 0.07363544 0.04242105 0.09508975 0.2098823 0.05116467 0.1967876 
0.09725572 0.2065008 0.1813567 0.07878614 0.08471333 0.1072334 0.07361787 0.1214835 0.04905268 
0.1364787 0.0552743 0.1296283 0.06221753 0.08624219 0.08063499 0.04600849 0.1802609 0.2232547 
0.1887365 0.1681402 0.08371808 0.09112867 0.1387276 0.1119685 0.07045673 0.05282083 0.09430288 
0.149648 0.1007227 0.0829798 0.04635575 0.1062729 0.07752447 0.1863676 0.1783142 0.07181464 
0.08265752 0.07240235 0.1050709 0.05424427 0.235397 0.1448801 0.05265355 0.06651797 0.1861764 
0.0748862 0.2175105 0.08462684 0.07309503 0.1379005 0.1495456 0.06823883 0.05791317 0.1362834 
0.08761362 0.1594165 0.2129454 0.142196 0.08483523 0.05596462 0.08365536 0.05361467 0.1197586 
0.05856411 0.1108025 0.08734884 0.2003659 0.1737022 0.1286314 0.1001984 0.09463295 0.04575368 
0.07742251 0.09354301 0.09544448 0.2165411 0.09930861 0.03037323 0.1333718 0.08883494 0.1651603 
0.06288206 0.0757796 0.1963974 0.1715112 0.08481192 0.1485085 0.1104117 0.05481133 0.09488624 
0.08733611 0.166003 0.1045521 0.07342273 0.05814238 0.07576186 0.2260583 0.06554247 0.143181 
0.1030469 0.1069263 0.2108326 0.04843127 0.07036233 0.1018487 0.1327511 0.06458228 0.1612185 
0.2141714 0.1786716 0.0438358 0.07882349 0.1227032 0.1322517 0.09013767 0.07984644 0.05955871 
0.125173 0.1816782 0.08603842 0.06355051 0.2045787 0.07462311 0.112079 0.1006348 0.05164422 
0.08660743 0.0667717 0.0717017 0.04207092 0.1562465 0.109197 0.2416542 0.08930599 0.1364446 
0.09454174 0.08127483 0.08095998 0.06537624 0.1304209 0.13102 0.1531551 0.07346551 0.1897857 
0.1004762 0.06235242 0.05358102 0.116519 0.1753852 0.1379239 0.08380036 0.09098986 0.178972 
0.1645728 0.1265475 0.169813 0.0801912 0.08781378 0.1156086 0.08188165 0.04232438 0.131247 
0.1331293 0.1462435 0.1063123 0.1488887 0.1504558 0.1085535 0.09204441 0.02178491 0.09258747 
0.1292298 0.09822199 0.02668292 0.1475173 0.1023708 0.1195781 0.1369564 0.08221997 0.1572228 
